262248 *
   2 211000022278114
   5 211000022278158
  20 211000022278202
   1 211000022278278
  44 211000022278282
   1 211000022278298
   1 211000022278311
   1 211000022278312
  47 211000022278339
   1 211000022278390
   2 211000022278392
   1 211000022278407
   4 211000022278426
   1 211000022278441
  74 211000022278446
   1 211000022278456
  24 211000022278498
   1 211000022278537
   1 211000022278547
  31 211000022278554
   1 211000022278565
   2 211000022278604
   1 211000022278678
   2 211000022278680
  16 211000022278704
   1 211000022278717
   6 211000022278724
  37 211000022278750
   1 211000022278772
   3 211000022278788
   1 211000022278790
   1 211000022278866
  21 211000022278876
   4 211000022278877
  40 211000022278878
  92 211000022278879
  30 211000022278880
   7 211000022278881
  14 211000022278882
   9 211000022278903
   1 211000022278926
   1 211000022278928
   4 211000022279009
   8 211000022279010
  22 211000022279055
   1 211000022279056
   1 211000022279058
  55 211000022279100
   4 211000022279108
  49 211000022279109
  22 211000022279132
   1 211000022279134
   1 211000022279144
  18 211000022279147
   1 211000022279179
  20 211000022279189
  26 211000022279222
   1 211000022279224
  38 211000022279343
   1 211000022279384
   1 211000022279420
  20 211000022279446
  12 211000022279467
   1 211000022279477
   4 211000022279529
  22 211000022279531
   1 211000022279539
  32 211000022279540
   1 211000022279556
   2 211000022279608
   1 211000022279649
  46 211000022279676
  24 211000022279708
   1 211000022279712
   1 211000022279735
   3 211000022279810
   2 211000022279856
   2 211000022279867
   1 211000022279884
   1 211000022279932
   2 211000022279973
   2 211000022280020
  32 211000022280043
   6 211000022280138
   1 211000022280194
   1 211000022280236
   8 211000022280304
   1 211000022280459
   2 211000022280476
  18 211000022280508
   2 211000022280517
   1 211000022280535
   9 211000022280595
  30 211000022280645
   1 211000022280686
145508 2L
173460 2R
   1 2R2_mapped_Scaffold_56
   3 3Cen_mapped_Scaffold_31
154964 3L
200509 3R
10488 4
   1 Unmapped_Scaffold_22
   3 Unmapped_Scaffold_28
   1 Unmapped_Scaffold_4
   1 Unmapped_Scaffold_45
  29 Unmapped_Scaffold_58
   1 Unmapped_Scaffold_60
   2 Unmapped_Scaffold_8
149222 X
   6 X3X4_mapped_Scaffold_14
 722 Y
   4 Y_mapped_Scaffold_18
   3 Y_mapped_Scaffold_20
   1 Y_mapped_Scaffold_21
   1 Y_mapped_Scaffold_30
   1 Y_mapped_Scaffold_5
   3 Y_mapped_Scaffold_9
1603 dmel_mitochondrion_genome
 816 rDNA
